# Created by Octave 6.3.0, Thu Sep 30 07:50:41 2021 GMT <unknown@DESKTOP-RHNG062>
# name: A
# type: matrix
# rows: 5
# columns: 3
 0.89053357414751133 0.4576939528636661 0.42440685281722024
 0.43395547379781407 0.72482285003610836 0.67425340210250728
 0.58823038982485221 0.46810757790364543 0.75772937746890801
 0.53336209269124124 0.31298766466747496 0.098994495166646823
 0.19488505541419499 0.36045293582474558 0.65934898121437113


# name: A1
# type: matrix
# rows: 5
# columns: 3
 -1.2844600804152297 -0.96123689872353424 -1.0101996526200039
 -1.1102230246251565e-16 0.44171728386807746 0.38802022414613524
 -1.1102230246251565e-16 0.084355539725194939 0.36973783451966652
 -1.1102230246251565e-16 -0.034969179619899149 -0.252806406101865
 -5.5511151231257827e-17 0.23331306253804601 0.53080452880956386


# name: A2
# type: matrix
# rows: 5
# columns: 3
 -1.2844600804152297 -0.96123689872353424 -1.0101996526200039
 -1.1102230246251565e-16 -0.50782658912693002 -0.66020319556230711
 -1.1102230246251565e-16 -1.3877787807814457e-17 0.27661580526240426
 -1.1102230246251565e-16 6.9388939039072284e-18 -0.21420312078977896
 -5.5511151231257827e-17 -5.5511151231257827e-17 0.27324484859711912


# name: A3
# type: matrix
# rows: 5
# columns: 3
 -1.2844600804152297 -0.96123689872353424 -1.0101996526200039
 -1.1102230246251565e-16 -0.50782658912693002 -0.66020319556230711
 -1.1102230246251565e-16 -1.3877787807814457e-17 -0.44391669033942782
 -1.1102230246251565e-16 6.9388939039072284e-18 -5.5511151231257827e-17
 -5.5511151231257827e-17 -5.5511151231257827e-17 5.5511151231257827e-17


# name: b
# type: matrix
# rows: 5
# columns: 1
 0.56074943720489501
 0.38062773736801314
 0.53234409117067638
 0.23255653281664668
 0.68003437007842804


# name: b1
# type: matrix
# rows: 5
# columns: 1
 -0.96090805516127065
 0.077026116888570528
 0.12080947448950535
 -0.14059141765444882
 0.54368992415367745


# name: b2
# type: matrix
# rows: 5
# columns: 1
 -0.96090805516127065
 -0.34653767081850245
 0.083180932053250903
 -0.12499268799691846
 0.43961578150406067


# name: b3
# type: matrix
# rows: 5
# columns: 1
 -0.96090805516127065
 -0.34653767081850245
 -0.38274238320550236
 0.0135190776574316
 0.26292542192574919


# name: u1
# type: matrix
# rows: 5
# columns: 1
 0.89053357414751133
 0.43395547379781407
 0.58823038982485221
 0.53336209269124124
 0.19488505541419499


# name: u2
# type: matrix
# rows: 4
# columns: 1
 0.44171728386807746
 0.084355539725194939
 -0.034969179619899149
 0.23331306253804601


# name: u3
# type: matrix
# rows: 3
# columns: 1
 0.27661580526240426
 -0.21420312078977896
 0.27324484859711912


# name: vh1
# type: matrix
# rows: 5
# columns: 1
 2.1749936545627406
 0.43395547379781407
 0.58823038982485221
 0.53336209269124124
 0.19488505541419499


# name: vh2
# type: matrix
# rows: 4
# columns: 1
 0.9495438729950072
 0.084355539725194939
 -0.034969179619899149
 0.23331306253804601


# name: vh3
# type: matrix
# rows: 3
# columns: 1
 0.72053249560183219
 -0.21420312078977896
 0.27324484859711912


# name: x_hh
# type: matrix
# rows: 3
# columns: 1
 0.39816668998250559
 -0.43850732004141557
 0.86219417186781067


# name: x_normal
# type: matrix
# rows: 3
# columns: 1
 0.39816668998250593
 -0.43850732004141563
 0.86219417186781055


