# Created by Octave 6.3.0, Wed Sep 29 12:28:03 2021 GMT <unknown@DESKTOP-RHNG062>
# name: A
# type: matrix
# rows: 4
# columns: 3
 0.12323089473732951 0.25419022560538673 0.69724168201178871
 0.29103499275279432 0.47640665129676874 0.09037025917012198
 0.24578242990514509 0.73724569773732096 0.51123330221922625
 0.1035410642774951 0.48785090339225279 0.25184642281573588


# name: A1
# type: matrix
# rows: 4
# columns: 3
 -0.41354198730742664 -0.97133966645259195 -0.63826949153192303
 0 -0.18806820424127113 -0.63373577843921047
 0 0.17608896857475309 -0.10028265244048828
 0 0.25145172308309088 -0.0057676498930872566


# name: A2
# type: matrix
# rows: 4
# columns: 3
 -0.41354198730742664 -0.97133966645259195 -0.63826949153192303
 0 0.36000686568690909 0.27798524143591796
 0 2.7755575615628914e-17 0.57830365603509304
 0 5.5511151231257827e-17 -2.1337098754514727e-15


# name: A3
# type: matrix
# rows: 4
# columns: 3
 -0.41354198730742664 -0.97133966645259195 -0.63826949153192303
 0 0.36000686568690909 0.27798524143591796
 0 2.7755575615628914e-17 0.57830365603509304
 0 5.5511151231257827e-17 -2.1337098754514727e-15


# name: C
# type: matrix
# rows: 2
# columns: 2
 2.5755506731384248 1.1109551794610946
 1.1109551794610946 0.57298338658283032


# name: D
# type: matrix
# rows: 2
# columns: 1
 2.0796280869949788
 1.0863634141691791


# name: H
# type: matrix
# rows: 4
# columns: 4
 -0.29798883431326129 -0.70376165343626707 -0.59433488605458284 -0.25037618296427738
 -0.70376165343626707 0.61842471078775418 -0.32224476131639956 -0.13575244397015757
 -0.59433488605458284 -0.32224476131639956 0.72786055823939155 -0.11464451483635911
 -0.25037618296427738 -0.13575244397015757 -0.11464451483635911 0.95170356528611566


# name: HA
# type: matrix
# rows: 4
# columns: 3
 -0.41354198730742664 -0.97133966645259195 -0.63826949153192303
 0 -0.18806820424127113 -0.63373577843921047
 0 0.17608896857475309 -0.10028265244048828
 0 0.25145172308309088 -0.0057676498930872566


# name: HA_adhoc
# type: matrix
# rows: 4
# columns: 3
 -0.41354198730742658 -0.97133966645259195 -0.63826949153192292
 3.8336330840299381e-17 -0.18806820424127105 -0.63373577843921036
 1.7582730197865903e-17 0.1760889685747532 -0.10028265244048823
 1.134002241216825e-17 0.25145172308309088 -0.0057676498930872731


# name: R
# type: matrix
# rows: 7
# columns: 4
 -1.03311717516074 -0.84795499620489612 -0.83782432618297142 -1.40683774731718
 5.5511151231257827e-17 0.99635804370726699 0.14590651240813629 0.35049886151052706
 5.5511151231257827e-17 1.3877787807814457e-17 0.68637705518357695 -0.28765373556415752
 2.7755575615628914e-17 -1.1102230246251565e-16 0 -0.59446096827945394
 5.5511151231257827e-17 -2.7755575615628914e-17 0 1.1102230246251565e-16
 5.5511151231257827e-17 -6.9388939039072284e-18 0 8.6736173798840355e-19
 2.7755575615628914e-17 -2.2204460492503131e-16 0 2.7755575615628914e-17


# name: a
# type: matrix
# rows: 3
# columns: 1
 2
 1
 2


# name: ans
# type: scalar
0.77420705635048515


# name: b
# type: matrix
# rows: 4
# columns: 1
 0.7222961038982052
 0.44727035747584509
 0.27312801944357301
 0.49623513722789359


# name: b1
# type: matrix
# rows: 4
# columns: 1
 -0.81658287016605202
 -0.38710046498100814
 -0.43150782604594096
 0.19939233443595333


# name: b2
# type: matrix
# rows: 4
# columns: 1
 -0.81658287016605202
 0.13042825520414336
 -0.59778267331669377
 -0.03804500868676125


# name: b3
# type: matrix
# rows: 4
# columns: 1
 -0.81658287016605202
 0.13042825520414336
 -0.59778512439583331
 -0.037947084447525051


# name: backwarderror
# type: scalar
0.41247230664617823


# name: backwarderror_random
# type: scalar
0.81396422048489681


# name: bt
# type: matrix
# rows: 7
# columns: 1
 -1.2771843021758964
 0.048578892594854206
 -0.42389242431161245
 -0.25289720260500093
 -0.71157751827807281
 0.16298555313976562
 -0.25785598897800877


# name: r
# type: matrix
# rows: 4
# columns: 1
 -0.33126351246111463
 -0.17804121849329968
 -0.10034006313704402
 0.28780589991885142


# name: u1
# type: matrix
# rows: 4
# columns: 1
 -0.41354198730742664
 0
 0
 0


# name: u2
# type: matrix
# rows: 3
# columns: 1
 0.36000686568690909
 2.7755575615628914e-17
 5.5511151231257827e-17


# name: u3
# type: matrix
# rows: 2
# columns: 1
 0.57830365603509304
 -2.1337098754514727e-15


# name: v
# type: matrix
# rows: 3
# columns: 1
 1.3684146596195426
 0.71892440121258794
 0.22609807845561627


# name: vh1
# type: matrix
# rows: 4
# columns: 1
 0.53677288204475615
 0.29103499275279432
 0.24578242990514509
 0.1035410642774951


# name: vh2
# type: matrix
# rows: 3
# columns: 1
 -0.54807506992818034
 0.17608896857475309
 0.25145172308309088


# name: vh3
# type: matrix
# rows: 2
# columns: 1
 -0.00072418275741159555
 0.028932172953847257


# name: x
# type: matrix
# rows: 4
# columns: 1
 1.0431922515300218
 -0.03656932359826328
 -0.43928914460148305
 0.42542272091801137


# name: x_hh
# type: matrix
# rows: 3
# columns: 1
 0.84426969275195374
 1.1604724767259069
 -1.0336872647396129


# name: x_normal
# type: matrix
# rows: 3
# columns: 1
 1.3266300845906676
 -0.21765919650360266
 0.75107246430370866


# name: x_normal2
# type: matrix
# rows: 3
# columns: 1
 1.3266300845906642
 -0.21765919650360135
 0.75107246430370833


# name: x_random
# type: matrix
# rows: 3
# columns: 1
 0.061904500645827198
 0.96383746888635702
 0.66974325771378784


# name: y
# type: matrix
# rows: 5
# columns: 1
 -1.7802638944099649
 -2.2204460492503131e-16
 -2.2204460492503131e-16
 -1.3877787807814457e-17
 -2.2204460492503131e-16


